A=[1 2 3 4 5 0 0 0 0;1 3 5 7 9 1 1 1 1;6 8 10 12 14 1 2 3 4;2 3 4 5 6 7 0 0 0]
A=[(1:1:5) zeros(1,4);(1:2:9) ones(1,4);(6:2:14) (1:1:4);(2:1:7) zeros(1,3)]
B=[A;(-9:1:-1)]
C=[B;(9:-1:1)]